training_losses: [0.9998183673269411, 0.9995447610612779, 0.9938582162849349, 0.8867336900026537, 0.727552473181663, 0.6460004855977761, 0.588886039147471, 0.5332897262623426, 0.48964204485109036, 0.44247299667496137]
validation losses: [0.999730334129611, 0.9990745835850494, 0.9758845159610496, 0.78341876426944, 0.6839649770860814, 0.6144633413794133, 0.5646047215175249, 0.5153148632301333, 0.46675198641713767, 0.4216347134854295]
lr_rates: [0.001, 0.001, 0.001, 0.001, 0.001, 0.001, 0.001, 0.001, 0.001, 0.001]
pixelwise_acccuracy: [54.857849147380655, 78.89785577713603, 87.57358659321153, 83.93779696739266, 66.72672019668029, 43.568368749299516, 22.099489928551122, 15.702024382919493, 12.93649077940155, 9.484215684130158]
center_pixel_distance: [16.2701426312437, 16.225993270614165, 16.205449876988418, 16.23642952391851, 16.21048394239021, 16.235858418436884, 16.248649459499504, 16.22784462344379, 16.261796878264203, 16.199624936590975]